-7.46024704 -74.59562787
-8.46024704 -74.59562787
-5.46024704 -73.59562787
-6.46024704 -73.59562787
-7.46024704 -73.59562787
-8.46024704 -73.59562787
-9.46024704 -73.59562787
-10.46024704 -73.59562787
-5.46024704 -72.59562787
-6.46024704 -72.59562787
-7.46024704 -72.59562787
-8.46024704 -72.59562787
-9.46024704 -72.59562787
-10.46024704 -72.59562787
-4.46024704 -71.59562787
-5.46024704 -71.59562787
-6.46024704 -71.59562787
-7.46024704 -71.59562787
-8.46024704 -71.59562787
-9.46024704 -71.59562787
-10.46024704 -71.59562787
-11.46024704 -71.59562787
1.53975296 -70.59562787
0.53975296 -70.59562787
-0.46024704	-70.59562787
-1.46024704	-70.59562787
-2.46024704	-70.59562787
-3.46024704	-70.59562787
-4.46024704	-70.59562787
-5.46024704	-70.59562787
-6.46024704	-70.59562787
-7.46024704	-70.59562787
-8.46024704	-70.59562787
-9.46024704	-70.59562787
-10.46024704 -70.59562787
-11.46024704 -70.59562787
1.53975296 -69.59562787
0.53975296 -69.59562787
-0.46024704	-69.59562787
-1.46024704	-69.59562787
-2.46024704	-69.59562787
-3.46024704	-69.59562787
-4.46024704	-69.59562787
-5.46024704	-69.59562787
-6.46024704	-69.59562787
-7.46024704	-69.59562787
-8.46024704	-69.59562787
-9.46024704	-69.59562787
-10.46024704 -69.59562787
-11.46024704 -69.59562787
1.53975296 -68.59562787
0.53975296 -68.59562787
-0.46024704	-68.59562787
-1.46024704	-68.59562787
-2.46024704	-68.59562787
-3.46024704	-68.59562787
-4.46024704	-68.59562787
-5.46024704	-68.59562787
-6.46024704	-68.59562787
-7.46024704	-68.59562787
-8.46024704	-68.59562787
-9.46024704	-68.59562787
-10.46024704 -68.59562787
-11.46024704 -68.59562787
1.53975296 -67.59562787
0.53975296 -67.59562787
-0.46024704	-67.59562787
-1.46024704	-67.59562787
-2.46024704	-67.59562787
-3.46024704	-67.59562787
-4.46024704	-67.59562787
-5.46024704	-67.59562787
-6.46024704	-67.59562787
-7.46024704	-67.59562787
-8.46024704	-67.59562787
-9.46024704	-67.59562787
-10.46024704 -67.59562787
0.53975296 -66.59562787
-0.46024704	-66.59562787
-1.46024704	-66.59562787
-2.46024704	-66.59562787
-3.46024704	-66.59562787
-4.46024704	-66.59562787
-5.46024704	-66.59562787
-6.46024704	-66.59562787
-7.46024704	-66.59562787
-8.46024704	-66.59562787
-9.46024704	-66.59562787
-10.46024704 -66.59562787
3.53975296 -65.59562787
0.53975296 -65.59562787
-0.46024704	-65.59562787
-1.46024704	-65.59562787
-2.46024704	-65.59562787
-3.46024704	-65.59562787
-4.46024704	-65.59562787
-5.46024704	-65.59562787
-6.46024704	-65.59562787
-7.46024704	-65.59562787
-8.46024704	-65.59562787
-9.46024704	-65.59562787
-10.46024704 -65.59562787
-11.46024704 -65.59562787
-12.46024704 -65.59562787
3.53975296 -64.59562787
2.53975296 -64.59562787
1.53975296 -64.59562787
0.53975296 -64.59562787
-0.46024704	-64.59562787
-1.46024704	-64.59562787
-2.46024704	-64.59562787
-3.46024704	-64.59562787
-4.46024704	-64.59562787
-5.46024704	-64.59562787
-6.46024704	-64.59562787
-7.46024704	-64.59562787
-8.46024704	-64.59562787
-9.46024704	-64.59562787
-10.46024704 -64.59562787
-11.46024704 -64.59562787
-12.46024704 -64.59562787
-13.46024704 -64.59562787
3.53975296 -63.59562787
2.53975296 -63.59562787
1.53975296 -63.59562787
0.53975296 -63.59562787
-0.46024704	-63.59562787
-1.46024704	-63.59562787
-2.46024704	-63.59562787
-3.46024704	-63.59562787
-4.46024704	-63.59562787
-5.46024704	-63.59562787
-6.46024704	-63.59562787
-7.46024704	-63.59562787
-8.46024704	-63.59562787
-9.46024704	-63.59562787
-10.46024704 -63.59562787
-11.46024704 -63.59562787
-12.46024704 -63.59562787
-13.46024704 -63.59562787
3.53975296 -62.59562787
2.53975296 -62.59562787
1.53975296 -62.59562787
0.53975296 -62.59562787
-0.46024704	-62.59562787
-1.46024704	-62.59562787
-2.46024704	-62.59562787
-3.46024704	-62.59562787
-4.46024704	-62.59562787
-5.46024704	-62.59562787
-6.46024704	-62.59562787
-7.46024704	-62.59562787
-8.46024704	-62.59562787
-9.46024704	-62.59562787
-10.46024704 -62.59562787
-11.46024704 -62.59562787
-12.46024704 -62.59562787
-13.46024704 -62.59562787
4.53975296 -61.59562787
3.53975296 -61.59562787
2.53975296 -61.59562787
1.53975296 -61.59562787
0.53975296 -61.59562787
-0.46024704	-61.59562787
-1.46024704	-61.59562787
-2.46024704	-61.59562787
-3.46024704	-61.59562787
-4.46024704	-61.59562787
-5.46024704	-61.59562787
-6.46024704	-61.59562787
-7.46024704	-61.59562787
-8.46024704	-61.59562787
-9.46024704	-61.59562787
-10.46024704 -61.59562787
-11.46024704 -61.59562787
-12.46024704 -61.59562787
-13.46024704 -61.59562787
4.53975296 -60.59562787
3.53975296 -60.59562787
2.53975296 -60.59562787
1.53975296 -60.59562787
0.53975296 -60.59562787
-0.46024704	-60.59562787
-1.46024704	-60.59562787
-2.46024704	-60.59562787
-3.46024704	-60.59562787
-4.46024704	-60.59562787
-5.46024704	-60.59562787
-6.46024704	-60.59562787
-7.46024704	-60.59562787
-8.46024704	-60.59562787
-9.46024704	-60.59562787
-10.46024704 -60.59562787
-11.46024704 -60.59562787
-12.46024704 -60.59562787
-13.46024704 -60.59562787
3.53975296 -59.59562787
1.53975296 -59.59562787
0.53975296 -59.59562787
-0.46024704	-59.59562787
-1.46024704	-59.59562787
-2.46024704	-59.59562787
-3.46024704	-59.59562787
-4.46024704	-59.59562787
-5.46024704	-59.59562787
-6.46024704	-59.59562787
-7.46024704	-59.59562787
-8.46024704	-59.59562787
-9.46024704	-59.59562787
-10.46024704 -59.59562787
-11.46024704 -59.59562787
-12.46024704 -59.59562787
-13.46024704 -59.59562787
-14.46024704 -59.59562787
-16.46024704 -59.59562787
1.53975296 -58.59562787
0.53975296 -58.59562787
-0.46024704	-58.59562787
-1.46024704	-58.59562787
-2.46024704	-58.59562787
-3.46024704	-58.59562787
-4.46024704	-58.59562787
-5.46024704	-58.59562787
-6.46024704	-58.59562787
-7.46024704	-58.59562787
-8.46024704	-58.59562787
-9.46024704	-58.59562787
-10.46024704 -58.59562787
-11.46024704 -58.59562787
-12.46024704 -58.59562787
-13.46024704 -58.59562787
-14.46024704 -58.59562787
-16.46024704 -58.59562787
-17.46024704 -58.59562787
-18.46024704 -58.59562787
-19.46024704 -58.59562787
-20.46024704 -58.59562787
-21.46024704 -58.59562787
1.53975296 -57.59562787
0.53975296 -57.59562787
-0.46024704	-57.59562787
-1.46024704	-57.59562787
-2.46024704	-57.59562787
-3.46024704	-57.59562787
-4.46024704	-57.59562787
-5.46024704	-57.59562787
-6.46024704	-57.59562787
-7.46024704	-57.59562787
-8.46024704	-57.59562787
-9.46024704	-57.59562787
-10.46024704 -57.59562787
-11.46024704 -57.59562787
-12.46024704 -57.59562787
-13.46024704 -57.59562787
-15.46024704 -57.59562787
-16.46024704 -57.59562787
-17.46024704 -57.59562787
-18.46024704 -57.59562787
-19.46024704 -57.59562787
-20.46024704 -57.59562787
-21.46024704 -57.59562787
-22.46024704 -57.59562787
1.53975296 -56.59562787
0.53975296 -56.59562787
-0.46024704	-56.59562787
-1.46024704	-56.59562787
-2.46024704	-56.59562787
-3.46024704	-56.59562787
-4.46024704	-56.59562787
-5.46024704	-56.59562787
-6.46024704	-56.59562787
-7.46024704	-56.59562787
-8.46024704	-56.59562787
-9.46024704	-56.59562787
-10.46024704 -56.59562787
-11.46024704 -56.59562787
-12.46024704 -56.59562787
-13.46024704 -56.59562787
-15.46024704 -56.59562787
-16.46024704 -56.59562787
-17.46024704 -56.59562787
-18.46024704 -56.59562787
-19.46024704 -56.59562787
-20.46024704 -56.59562787
-21.46024704 -56.59562787
-22.46024704 -56.59562787
2.53975296 -55.59562787
1.53975296 -55.59562787
0.53975296 -55.59562787
-0.46024704	-55.59562787
-1.46024704	-55.59562787
-2.46024704	-55.59562787
-3.46024704	-55.59562787
-4.46024704	-55.59562787
-5.46024704	-55.59562787
-6.46024704	-55.59562787
-7.46024704	-55.59562787
-8.46024704	-55.59562787
-9.46024704	-55.59562787
-10.46024704 -55.59562787
-11.46024704 -55.59562787
-12.46024704 -55.59562787
-13.46024704 -55.59562787
-14.46024704 -55.59562787
-15.46024704 -55.59562787
-16.46024704 -55.59562787
-17.46024704 -55.59562787
-18.46024704 -55.59562787
-19.46024704 -55.59562787
-20.46024704 -55.59562787
1.53975296 -54.59562787
0.53975296 -54.59562787
-0.46024704	-54.59562787
-1.46024704	-54.59562787
-2.46024704	-54.59562787
-3.46024704	-54.59562787
-4.46024704	-54.59562787
-5.46024704	-54.59562787
-6.46024704	-54.59562787
-7.46024704	-54.59562787
-8.46024704	-54.59562787
-9.46024704	-54.59562787
-10.46024704 -54.59562787
-11.46024704 -54.59562787
-12.46024704 -54.59562787
-13.46024704 -54.59562787
-14.46024704 -54.59562787
-15.46024704 -54.59562787
-16.46024704 -54.59562787
-23.46024704 -54.59562787
-24.46024704 -54.59562787
-25.46024704 -54.59562787
-26.46024704 -54.59562787
-27.46024704 -54.59562787
1.53975296 -53.59562787
0.53975296 -53.59562787
-0.46024704	-53.59562787
-1.46024704	-53.59562787
-2.46024704	-53.59562787
-3.46024704	-53.59562787
-4.46024704	-53.59562787
-5.46024704	-53.59562787
-6.46024704	-53.59562787
-7.46024704	-53.59562787
-8.46024704	-53.59562787
-9.46024704	-53.59562787
-10.46024704 -53.59562787
-11.46024704 -53.59562787
-12.46024704 -53.59562787
-13.46024704 -53.59562787
-14.46024704 -53.59562787
-15.46024704 -53.59562787
-17.46024704 -53.59562787
-18.46024704 -53.59562787
-19.46024704 -53.59562787
-22.46024704 -53.59562787
-23.46024704 -53.59562787
-25.46024704 -53.59562787
-26.46024704 -53.59562787
3.53975296 -52.59562787
2.53975296 -52.59562787
1.53975296 -52.59562787
0.53975296 -52.59562787
-0.46024704	-52.59562787
-1.46024704	-52.59562787
-2.46024704	-52.59562787
-3.46024704	-52.59562787
-4.46024704	-52.59562787
-5.46024704	-52.59562787
-6.46024704	-52.59562787
-7.46024704	-52.59562787
-8.46024704	-52.59562787
-9.46024704	-52.59562787
-10.46024704 -52.59562787
-12.46024704 -52.59562787
-13.46024704 -52.59562787
-14.46024704 -52.59562787
-15.46024704 -52.59562787
-18.46024704 -52.59562787
-19.46024704 -52.59562787
-22.46024704 -52.59562787
-23.46024704 -52.59562787
3.53975296 -51.59562787
2.53975296 -51.59562787
1.53975296 -51.59562787
0.53975296 -51.59562787
-0.46024704	-51.59562787
-1.46024704	-51.59562787
-2.46024704	-51.59562787
-3.46024704	-51.59562787
-4.46024704	-51.59562787
-5.46024704	-51.59562787
-6.46024704	-51.59562787
-7.46024704	-51.59562787
-8.46024704	-51.59562787
-9.46024704	-51.59562787
-10.46024704 -51.59562787
-11.46024704 -51.59562787
-12.46024704 -51.59562787
-13.46024704 -51.59562787
-14.46024704 -51.59562787
-15.46024704 -51.59562787
1.53975296 -50.59562787
0.53975296 -50.59562787
-0.46024704	-50.59562787
-1.46024704	-50.59562787
-2.46024704	-50.59562787
-3.46024704	-50.59562787
-4.46024704	-50.59562787
-5.46024704	-50.59562787
-6.46024704	-50.59562787
-7.46024704	-50.59562787
-9.46024704	-50.59562787
-10.46024704 -50.59562787
-11.46024704 -50.59562787
-12.46024704 -50.59562787
-13.46024704 -50.59562787
-14.46024704 -50.59562787
-15.46024704 -50.59562787
-0.46024704	-49.59562787
-1.46024704	-49.59562787
-2.46024704	-49.59562787
-3.46024704	-49.59562787
-4.46024704	-49.59562787
-5.46024704	-49.59562787
-6.46024704	-49.59562787
-9.46024704	-49.59562787
-10.46024704 -49.59562787
-11.46024704 -49.59562787
-12.46024704 -49.59562787
-13.46024704 -49.59562787
-14.46024704 -49.59562787
-15.46024704 -49.59562787
-24.46024704 -49.59562787
-25.46024704 -49.59562787
-26.46024704 -49.59562787
-2.46024704	-48.59562787
-3.46024704	-48.59562787
-4.46024704	-48.59562787
-5.46024704	-48.59562787
-6.46024704	-48.59562787
-7.46024704	-48.59562787
-8.46024704	-48.59562787
-10.46024704 -48.59562787
-11.46024704 -48.59562787
-12.46024704 -48.59562787
-13.46024704 -48.59562787
-14.46024704 -48.59562787
-15.46024704 -48.59562787
-24.46024704 -48.59562787
-25.46024704 -48.59562787
-26.46024704 -48.59562787
-2.46024704	-47.59562787
-3.46024704	-47.59562787
-4.46024704	-47.59562787
-5.46024704	-47.59562787
-7.46024704	-47.59562787
-8.46024704	-47.59562787
-9.46024704	-47.59562787
-10.46024704 -47.59562787
-11.46024704 -47.59562787
-12.46024704 -47.59562787
-13.46024704 -47.59562787
-14.46024704 -47.59562787
-15.46024704 -47.59562787
-16.46024704 -47.59562787
-17.46024704 -47.59562787
-24.46024704 -47.59562787
-25.46024704 -47.59562787
-2.46024704	-46.59562787
-3.46024704	-46.59562787
-4.46024704	-46.59562787
-5.46024704	-46.59562787
-6.46024704	-46.59562787
-7.46024704	-46.59562787
-8.46024704	-46.59562787
-9.46024704	-46.59562787
-10.46024704 -46.59562787
-11.46024704 -46.59562787
-12.46024704 -46.59562787
-14.46024704 -46.59562787
-15.46024704 -46.59562787
-16.46024704 -46.59562787
-17.46024704 -46.59562787
-24.46024704 -46.59562787
-2.46024704	-45.59562787
-3.46024704	-45.59562787
-4.46024704	-45.59562787
-5.46024704	-45.59562787
-6.46024704	-45.59562787
-7.46024704	-45.59562787
-8.46024704	-45.59562787
-9.46024704	-45.59562787
-10.46024704 -45.59562787
-11.46024704 -45.59562787
-13.46024704 -45.59562787
-14.46024704 -45.59562787
-15.46024704 -45.59562787
-16.46024704 -45.59562787
-18.46024704 -45.59562787
-19.46024704 -45.59562787
-22.46024704 -45.59562787
-23.46024704 -45.59562787
-24.46024704 -45.59562787
-2.46024704	-44.59562787
-3.46024704	-44.59562787
-4.46024704	-44.59562787
-5.46024704	-44.59562787
-6.46024704	-44.59562787
-7.46024704	-44.59562787
-8.46024704	-44.59562787
-9.46024704	-44.59562787
-10.46024704 -44.59562787
-13.46024704 -44.59562787
-14.46024704 -44.59562787
-15.46024704 -44.59562787
-16.46024704 -44.59562787
-17.46024704 -44.59562787
-18.46024704 -44.59562787
-19.46024704 -44.59562787
-20.46024704 -44.59562787
-22.46024704 -44.59562787
-23.46024704 -44.59562787
-3.46024704	-43.59562787
-4.46024704	-43.59562787
-8.46024704	-43.59562787
-9.46024704	-43.59562787
-10.46024704 -43.59562787
-11.46024704 -43.59562787
-12.46024704 -43.59562787
-13.46024704 -43.59562787
-14.46024704 -43.59562787
-15.46024704 -43.59562787
-16.46024704 -43.59562787
-17.46024704 -43.59562787
-18.46024704 -43.59562787
-20.46024704 -43.59562787
-22.46024704 -43.59562787
-23.46024704 -43.59562787
-8.46024704	-42.59562787
-9.46024704	-42.59562787
-10.46024704 -42.59562787
-11.46024704 -42.59562787
-12.46024704 -42.59562787
-13.46024704 -42.59562787
-16.46024704 -42.59562787
-20.46024704 -42.59562787
-22.46024704 -42.59562787
-23.46024704 -42.59562787
-7.46024704	-41.59562787
-8.46024704	-41.59562787
-9.46024704	-41.59562787
-10.46024704 -41.59562787
-11.46024704 -41.59562787
-12.46024704 -41.59562787
-13.46024704 -41.59562787
-19.46024704 -41.59562787
-7.46024704	-40.59562787
-8.46024704	-40.59562787
-9.46024704	-40.59562787
-10.46024704 -40.59562787
-11.46024704 -40.59562787
-19.46024704 -40.59562787
-7.46024704	-39.59562787
-8.46024704	-39.59562787
-9.46024704	-39.59562787
-10.46024704 -39.59562787
-11.46024704 -39.59562787
-16.46024704 -39.59562787
-17.46024704 -39.59562787
-8.46024704	-38.59562787
-9.46024704	-38.59562787
-10.46024704 -38.59562787
-11.46024704 -38.59562787