bPon001 2 -25.494051 -54.053932
bPon002 3 -25.531432 -53.929674
bPon017 4 -22.1297222 -52.65944444
bPon048 5 -22.6277778 -52.16777778
bPon052 6 -22.5936111 -52.26638889
bPon154 7 -12.940858 -51.825412
bPon176 8 -3.33478 -52.123275
bPon177 9 -19.1515 -40.0708
bPon178 10 -17.8617 -57.3411
bPon180 11 -22.49 -53.356
bPon181 12 -17.5665 -52.5496
bPon186 13 -18.8649 -41.9599
bPon188 14 -12.4829 -49.1232
bPon189 15 -13.5135 -54.3866
bPon197 16 -19.53027778 -57.07194444
bPon213 17 -3.656358 -45.390174
bPon214 18 -13.286063 -50.172959
bPon215 19 -3.759062 -49.673483
bPon223 20 2.476513 -61.3948
bPon224 21 -4.373049 -70.195183
bPon226 22 -11.0963 -43.1517
bPon227 23 -11.0022 -60.8477
bPon229 24 -12.5526 -55.7439
bPon230 25 -6.42517 -45.8051
bPon231 26 -16.2724 -56.638
bPon234 27 -9.96146 -54.9188
bPon235 28 -9.950405 -67.873767
bPon236 29 -19.671019 -42.535408
bPon309 30 -17.364329 -57.34928
bPon329 31 -18.225511 -52.866094
bPon336 32 -5.79768 -61.294518
bPon342 33 -19.7666667 -56.27
bPon355 34 -9.677678 -50.087271
bPon370 35 -3.824303 -62.097657
bPon377 36 -4.7796 -48.067
bPon378 37 -4.7796 -48.067
bPon392 38 -24.116441 -47.982725
bPon394 39 -15.08425278 -45.8375
bPon395 40 -25.4605083 -53.81778333
bPon404 41 -3.05802 -64.85302
bPon407 42 -9.8725 -56.087
bPon411 43 -14.9408 -45.7548
bPon425 44 -7.642816 -48.422234
bPon442 45 -15.931121 -48.813073
bPon444 46 -24.0740833 -47.92513889
bPon460 47 -8.75072 -42.55626
bPon461 48 -8.766780556 -42.59684444
bPon462 49 -16.88524 -57.40286
bPon482 50 -8.73318333 -42.49537778
bPon497 51 -9.748516 -41.883062
bPon501 52 -3.77402 -49.6928
bPon502 53 -15.0605 -48.1595
bPon513 54 -10.0459 -41.7607
bPon514 55 -25.60554 -54.41986
bPon515 56 -3.32666667 -47.70888889
